Segment	Chr	StartMB	StopMB	Length	N_SNP	StartSNP	StopSNP
1	1	0.214	20.384	20.170	733	CM051599.1_213646_A_G	CM051599.1_20384138_T_C
2	1	159.662	182.401	22.739	364	CM051599.1_159661688_A_G	CM051599.1_182400656_G_A
3	1	206.988	243.955	36.967	527	CM051599.1_206987522_T_C	CM051599.1_243954527_G_A
4	2	0.020	36.358	36.338	1056	CM051600.1_19949_C_A	CM051600.1_36358248_A_G
5	2	182.501	222.383	39.882	1655	CM051600.1_182500734_A_G	CM051600.1_222382532_A_G
6	3	0.363	37.362	36.999	619	CM051601.1_362741_T_C	CM051601.1_37361872_C_A
7	3	163.274	207.398	44.124	1061	CM051601.1_163274274_A_G	CM051601.1_207397891_T_C
8	4	0.118	31.122	31.004	696	CM051602.1_118240_T_C	CM051602.1_31122472_A_G
9	4	89.860	115.719	25.859	674	CM051602.1_89859780_A_G	CM051602.1_115718691_G_A
10	4	150.577	170.130	19.553	993	CM051602.1_150576943_A_G	CM051602.1_170129806_T_C
11	5	0.178	20.114	19.936	425	CM051603.1_178327_C_T	CM051603.1_20114346_T_C
12	5	136.238	159.492	23.253	880	CM051603.1_136238363_C_T	CM051603.1_159491707_A_G
13	6	1.401	27.547	26.145	563	CM051604.1_1401454_A_G	CM051604.1_27546624_A_G
14	6	134.922	155.935	21.013	810	CM051604.1_134921518_G_T	CM051604.1_155934533_T_C
15	7	0.039	28.840	28.801	804	CM051605.1_39213_G_A	CM051605.1_28840334_T_C
16	7	30.545	54.503	23.957	408	CM051605.1_30545119_A_G	CM051605.1_54502578_A_G
17	7	126.457	149.976	23.519	915	CM051605.1_126457395_T_G	CM051605.1_149976074_A_C
18	8	0.041	21.643	21.602	1091	CM051606.1_40741_A_G	CM051606.1_21643140_A_G
19	8	113.990	142.651	28.662	692	CM051606.1_113989556_A_G	CM051606.1_142651308_A_G
20	9	0.127	16.120	15.993	783	CM051607.1_126565_T_C	CM051607.1_16119975_T_C
21	9	108.839	141.722	32.883	1428	CM051607.1_108838738_A_G	CM051607.1_141721820_A_G
22	10	0.030	28.207	28.177	694	CM051608.1_30347_T_C	CM051608.1_28206986_C_T
23	10	92.651	115.654	23.003	940	CM051608.1_92651309_G_A	CM051608.1_115654451_G_A
24	11	0.096	31.847	31.752	742	CM051609.1_95653_T_C	CM051609.1_31847491_C_T
25	11	44.568	95.609	51.041	1529	CM051609.1_44567549_G_A	CM051609.1_95608997_T_C
26	12	0.170	40.661	40.491	1101	CM051610.1_170049_G_A	CM051610.1_40661426_C_T
27	12	58.505	95.587	37.081	798	CM051610.1_58505229_C_A	CM051610.1_95586687_T_C
28	13	0.273	22.020	21.747	611	CM051611.1_273205_T_C	CM051611.1_22019776_T_C
29	13	47.336	92.619	45.283	1179	CM051611.1_47336280_C_T	CM051611.1_92618818_C_T
30	14	62.001	83.498	21.497	756	CM051612.1_62001435_G_A	CM051612.1_83497941_T_G
31	15	6.878	75.855	68.977	1595	CM051613.1_6878106_A_C	CM051613.1_75855091_C_T
32	16	0.029	43.142	43.113	1928	CM051614.1_29433_T_C	CM051614.1_43142006_G_A
33	17	0.019	62.543	62.524	2007	CM051615.1_18977_A_G	CM051615.1_62542814_G_T
34	18	0.047	16.222	16.176	889	CM051616.1_46559_T_C	CM051616.1_16222258_A_G
35	18	29.482	45.981	16.498	581	CM051616.1_29482308_A_G	CM051616.1_45980690_A_G
